explanations	
1																													
1	0	2	63	3	63	4	13	5	41	6	41	7	33	8	19	9	57	10	4
1	1	11	80																																																				
1	2	25	80																																																	
1	3	12	80																																																				
1	4	4	80
1	5	28	80
2	1	6	80
2	2	50	80																										
2	3	24	80																																																				
3	1	6	80
3	2	50	80																										
3	3	24	80																										
4	1	10	80																										
4	2	34	80
4	3	6	80																										
4	4	30	80
5	1	6	80																										
5	2	50	80																										
5	3	4	80
5	4	20	80
6	1	6	80																										
6	2	50	80																										
6	3	24	80																										
7	1	8	80																										
7	2	32	80																										
7	3	8	80																										
7	4	32	80																										
8	1	8	80																										
8	2	48	80
8	3	4	80																										
8	4	20	80
9	1	6	80																										
9	2	42	80
9	3	4	80																										
9	2	28	80																										
10	1	10	80																										
10	2	39	80
10	3	6	80																										
10	3	25	80																										
